86
3347 18446744073709551615 6882 1 0
3368 18446744073709551615 7129 1 68
3389 18446744073709551615 7307 1 136
3410 18446744073709551615 7484 1 272
3410 18446744073709551615 7485 1 204
3430 18446744073709551615 7661 1 272
3450 18446744073709551615 7839 1 341
3470 18446744073709551615 8017 1 410
3490 18446744073709551615 8195 1 479
3510 18446744073709551615 8373 1 548
3530 18446744073709551615 8551 1 617
3550 18446744073709551615 8729 1 686
3570 18446744073709551615 8907 1 755
3590 18446744073709551615 9085 1 824
3610 18446744073709551615 9263 1 893
3630 18446744073709551615 9441 1 962
3650 18446744073709551615 9619 1 1031
3670 18446744073709551615 9797 1 1100
4135 18446744073709551615 10865 1 1169
4136 18446744073709551615 10867 1 1170
4137 18446744073709551615 10869 1 1171
4138 18446744073709551615 10871 1 1172
4139 18446744073709551615 10873 1 1173
4140 18446744073709551615 10875 1 1174
4141 18446744073709551615 10877 1 1175
4142 18446744073709551615 10879 1 1176
4143 18446744073709551615 10881 1 1177
4164 18446744073709551615 10940 1 1177
4184 18446744073709551615 10998 1 1186
4204 18446744073709551615 11056 1 1195
4204 18446744073709551615 11057 1 1205
4205 18446744073709551615 11059 1 1206
4206 18446744073709551615 11061 1 1207
4207 18446744073709551615 11063 1 1208
4208 18446744073709551615 11065 1 1209
4209 18446744073709551615 11067 1 1210
4210 18446744073709551615 11069 1 1211
4211 18446744073709551615 11071 1 1212
4212 18446744073709551615 11073 1 1213
4213 18446744073709551615 11075 1 1214
4214 18446744073709551615 11077 1 1215
4215 18446744073709551615 11079 1 1216
4216 18446744073709551615 11081 1 1217
4217 18446744073709551615 11083 1 1218
4218 18446744073709551615 11085 1 1219
4219 18446744073709551615 11087 1 1220
4220 18446744073709551615 11089 1 1221
4221 18446744073709551615 11091 1 1222
4222 18446744073709551615 11093 1 1223
4223 18446744073709551615 11095 1 1224
4241 18446744073709551615 15150 1 3197
4259 18446744073709551615 15400 1 3268
4277 18446744073709551615 15578 1 3339
4295 18446744073709551615 15756 1 3410
4313 18446744073709551615 15934 1 3481
4331 18446744073709551615 16112 1 3552
4349 18446744073709551615 16290 1 3623
4367 18446744073709551615 16468 1 3694
4385 18446744073709551615 16646 1 3765
4403 18446744073709551615 16824 1 3836
4421 18446744073709551615 17002 1 3907
4439 18446744073709551615 17180 1 3978
4457 18446744073709551615 17358 1 4049
4475 18446744073709551615 17536 1 4120
4494 18446744073709551615 17537 1 4120
4495 18446744073709551615 17539 1 4121
4495 18446744073709551615 17718 1 4191
4516 18446744073709551615 17719 1 4191
4516 18446744073709551615 17877 1 4260
4757 18446744073709551615 18443 1 4328
4758 18446744073709551615 18445 1 4329
4759 18446744073709551615 18447 1 4330
4760 18446744073709551615 18449 1 4331
4761 18446744073709551615 18451 1 4332
4762 18446744073709551615 18453 1 4333
4763 18446744073709551615 18455 1 4334
4764 18446744073709551615 18457 1 4335
4765 18446744073709551615 18459 1 4336
4766 18446744073709551615 18461 1 4337
4767 18446744073709551615 18463 1 4338
4773 18446744073709551615 18496 1 4338
4773 18446744073709551615 18497 1 4350
4774 18446744073709551615 18499 1 4351
4775 18446744073709551615 18501 1 4352
4776 18446744073709551615 18503 1 4353
4777 18446744073709551615 18505 1 4354
