86
0 18446744073709551615 6882 0 3347
68 18446744073709551615 7129 0 3368
136 18446744073709551615 7307 0 3389
204 18446744073709551615 7485 0 3410
272 18446744073709551615 7484 0 3410
272 18446744073709551615 7661 0 3430
341 18446744073709551615 7839 0 3450
410 18446744073709551615 8017 0 3470
479 18446744073709551615 8195 0 3490
548 18446744073709551615 8373 0 3510
617 18446744073709551615 8551 0 3530
686 18446744073709551615 8729 0 3550
755 18446744073709551615 8907 0 3570
824 18446744073709551615 9085 0 3590
893 18446744073709551615 9263 0 3610
962 18446744073709551615 9441 0 3630
1031 18446744073709551615 9619 0 3650
1100 18446744073709551615 9797 0 3670
1169 18446744073709551615 10865 0 4135
1170 18446744073709551615 10867 0 4136
1171 18446744073709551615 10869 0 4137
1172 18446744073709551615 10871 0 4138
1173 18446744073709551615 10873 0 4139
1174 18446744073709551615 10875 0 4140
1175 18446744073709551615 10877 0 4141
1176 18446744073709551615 10879 0 4142
1177 18446744073709551615 10881 0 4143
1177 18446744073709551615 10940 0 4164
1186 18446744073709551615 10998 0 4184
1195 18446744073709551615 11056 0 4204
1205 18446744073709551615 11057 0 4204
1206 18446744073709551615 11059 0 4205
1207 18446744073709551615 11061 0 4206
1208 18446744073709551615 11063 0 4207
1209 18446744073709551615 11065 0 4208
1210 18446744073709551615 11067 0 4209
1211 18446744073709551615 11069 0 4210
1212 18446744073709551615 11071 0 4211
1213 18446744073709551615 11073 0 4212
1214 18446744073709551615 11075 0 4213
1215 18446744073709551615 11077 0 4214
1216 18446744073709551615 11079 0 4215
1217 18446744073709551615 11081 0 4216
1218 18446744073709551615 11083 0 4217
1219 18446744073709551615 11085 0 4218
1220 18446744073709551615 11087 0 4219
1221 18446744073709551615 11089 0 4220
1222 18446744073709551615 11091 0 4221
1223 18446744073709551615 11093 0 4222
1224 18446744073709551615 11095 0 4223
3197 18446744073709551615 15150 0 4241
3268 18446744073709551615 15400 0 4259
3339 18446744073709551615 15578 0 4277
3410 18446744073709551615 15756 0 4295
3481 18446744073709551615 15934 0 4313
3552 18446744073709551615 16112 0 4331
3623 18446744073709551615 16290 0 4349
3694 18446744073709551615 16468 0 4367
3765 18446744073709551615 16646 0 4385
3836 18446744073709551615 16824 0 4403
3907 18446744073709551615 17002 0 4421
3978 18446744073709551615 17180 0 4439
4049 18446744073709551615 17358 0 4457
4120 18446744073709551615 17536 0 4475
4120 18446744073709551615 17537 0 4494
4121 18446744073709551615 17539 0 4495
4191 18446744073709551615 17718 0 4495
4191 18446744073709551615 17719 0 4516
4260 18446744073709551615 17877 0 4516
4328 18446744073709551615 18443 0 4757
4329 18446744073709551615 18445 0 4758
4330 18446744073709551615 18447 0 4759
4331 18446744073709551615 18449 0 4760
4332 18446744073709551615 18451 0 4761
4333 18446744073709551615 18453 0 4762
4334 18446744073709551615 18455 0 4763
4335 18446744073709551615 18457 0 4764
4336 18446744073709551615 18459 0 4765
4337 18446744073709551615 18461 0 4766
4338 18446744073709551615 18463 0 4767
4338 18446744073709551615 18496 0 4773
4350 18446744073709551615 18497 0 4773
4351 18446744073709551615 18499 0 4774
4352 18446744073709551615 18501 0 4775
4353 18446744073709551615 18503 0 4776
4354 18446744073709551615 18505 0 4777
