40
67 191 381 0 102
70 199 389 0 103
131 369 755 0 297
132 371 757 0 300
437 1143 2589 0 685
438 1145 2591 0 684
519 1335 3038 0 1461
519 1336 3039 0 1303
580 1473 3332 0 1142
581 1475 3334 0 1141
592 1497 3404 0 906
593 1499 3406 0 1215
605 1528 2993 0 614
606 1530 2989 0 613
672 1670 3803 0 1461
682 1692 620 0 104
683 1694 3855 0 1563
751 1824 3119 0 657
752 1826 3115 0 656
786 1894 4260 0 988
787 1896 4262 0 1217
848 2032 3811 0 826
849 2034 3807 0 825
859 2056 4547 0 1301
860 2058 3035 0 631
873 2088 3029 0 629
945 2245 2148 0 449
946 2247 4843 0 1525
960 2273 4887 0 1575
961 2275 4888 0 1302
961 2274 4351 0 974
1042 2438 5185 0 1284
1138 2607 5507 0 1284
1138 2608 4889 0 1084
1268 2829 5512 0 1268
1269 2831 5842 0 1496
1279 2847 4586 0 1009
1311 2915 3028 0 629
1443 3135 2372 0 477
1444 3138 2349 0 469
