40
102 308 381 1 67
103 310 389 1 70
104 313 620 1 682
297 848 755 1 131
300 854 757 1 132
449 1259 2148 1 945
469 1310 2349 1 1444
477 1333 2372 1 1443
613 1658 2989 1 606
614 1662 2993 1 605
629 1698 3029 1 873
629 1697 3028 1 1311
631 1704 3035 1 860
656 1760 3115 1 752
657 1764 3119 1 751
684 1826 2591 1 438
685 1829 2589 1 437
825 2143 3807 1 849
826 2147 3811 1 848
906 2311 3404 1 592
974 2441 4351 1 961
988 2472 4260 1 786
1009 2513 4586 1 1279
1084 2632 4889 1 1138
1141 2728 3334 1 581
1142 2730 3332 1 580
1215 2840 3406 1 593
1217 2842 4262 1 787
1268 2926 5512 1 1268
1284 2948 5185 1 1042
1284 2947 5507 1 1138
1301 2972 4547 1 859
1302 2976 4888 1 961
1303 2977 3039 1 519
1461 3171 3803 1 672
1461 3170 3038 1 519
1496 3214 5842 1 1269
1525 3242 4843 1 946
1563 3265 3855 1 683
1575 3266 4887 1 960
